[app/ui]
version = 8.0.2
modtime = 1612535423.600950000

[app/launcher]
version = 8.0.2
modtime = 1612535423.602060000
